000000000000000000000000000000000000
002010101010101010001010101010101020
001000001000000010001000000010000010
001010101010101010101010101010101010
000000001000100000000000100010000000
000000001000101010001010100010000000
000000001000000010001000000010000000
000000001000101010001010100010000000
000000001000100000000000100010000000
000000001010100000000000101010000000
000000001000100000000000100010000000
000000001000100000000000100010000000
000000001000100000000000100010000000
000000001000100000000000100010000000
001010101010101010001010101010101010
002000001000000010001000000010000020
001010001010101010001010101010001010
000010001000100000000000100010001000
001010101000101010001010100010101010
001000000000000010001000000000000010
001010101010101010101010101010101010
000000000000000000000000000000000000