219,219,219,219,219,219,219,219,219,219,219,219,219,219,219,219,219,219,219,219,219,219,219,219,219,219,219,219,219,219,219,219,219,219,219,219,219,219,219,219,219,219,219,219,219,219,219,219,219,219,219,219,219,219,219,219,219,219,219,219,219,219,219,219,219,219,219,219,219,219,219,219,219,219,219
219,219,219,219,219,219,219,219,219,219,219,219,219,219,219,219,219,219,219,219,219,219,219,219,219,219,219,219,219,219,219,32,32,32,32,32,32,32,32,32,32,32,32,32,32,32,32,32,32,32,32,32,32,32,32,32,219,219,186,186,186,186,186,186,186,186,186,186,186,186,186,186,186,186,186
219,219,219,219,219,219,219,219,219,219,219,219,219,219,219,219,219,219,219,219,219,219,219,219,219,219,219,219,219,219,219,32,32,32,219,219,219,219,219,219,219,219,219,219,219,219,219,219,219,219,219,219,219,32,32,32,219,219,186,186,186,186,186,186,186,186,186,186,186,186,186,186,186,186,186
219,219,219,219,219,219,219,219,219,219,219,219,219,219,219,219,219,219,219,219,219,219,219,219,219,219,219,219,219,219,219,32,32,32,219,219,219,219,219,219,219,219,219,219,219,219,219,219,219,219,219,219,219,32,32,32,219,219,219,219,219,219,219,219,219,219,219,219,219,219,219,219,219,219,219
219,219,219,219,219,219,219,32,32,32,32,32,32,32,32,32,32,32,32,32,32,32,32,32,32,32,32,32,32,32,32,32,32,32,32,32,32,32,32,32,32,32,32,32,32,32,32,32,32,32,32,32,219,32,32,32,32,32,32,32,32,32,32,32,43,43,43,43,43,43,43,43,43,43,43
219,219,219,219,219,219,219,32,32,32,219,219,219,219,219,219,219,219,219,219,219,219,219,219,219,219,219,219,219,219,219,32,32,32,219,219,219,219,219,219,219,219,219,219,219,219,219,219,219,32,32,32,219,32,32,32,219,219,219,219,32,32,32,219,219,219,219,219,219,219,219,219,219,219,219
219,219,219,219,219,219,219,32,32,32,219,219,219,32,32,32,32,32,32,32,32,32,32,32,32,32,32,32,32,32,32,32,32,32,32,32,32,32,32,32,32,32,32,32,32,32,32,32,219,32,32,32,219,32,32,32,219,219,219,219,32,32,32,219,219,219,219,219,219,219,219,219,219,219,219
219,219,219,219,219,219,219,32,32,32,219,219,219,32,32,32,219,219,219,219,219,219,219,219,219,219,219,219,219,219,219,32,32,32,219,219,219,219,219,219,219,219,219,219,219,32,32,32,219,32,32,32,219,32,32,32,219,219,219,219,32,32,32,219,219,219,219,219,219,219,219,219,219,219,219
219,219,219,219,219,219,219,32,32,32,219,219,219,32,32,32,219,219,219,32,32,32,32,32,32,32,32,32,32,32,32,32,32,32,32,32,32,32,32,32,32,32,32,32,219,32,32,32,219,32,32,32,219,32,32,32,219,219,219,219,32,32,32,219,219,219,219,219,219,219,219,219,219,219,219
219,219,219,219,219,219,219,32,32,32,219,219,219,32,32,32,219,219,219,32,32,32,219,219,219,219,219,219,219,219,219,32,32,32,219,219,219,219,219,219,219,32,32,32,219,32,32,32,219,32,32,32,219,32,32,32,219,219,219,219,32,32,32,32,32,32,32,32,32,32,32,32,32,32,32
219,219,219,219,219,219,219,32,32,32,219,219,219,32,32,32,219,219,219,32,32,32,219,219,219,32,32,32,32,32,32,32,32,32,32,32,32,32,32,32,219,32,32,32,219,32,32,32,219,32,32,32,219,32,32,32,219,219,219,219,219,219,219,219,219,219,219,219,219,32,32,32,219,219,219
219,219,219,219,219,219,219,32,32,32,219,219,219,32,32,32,219,219,219,32,32,32,219,219,219,32,32,32,219,219,219,219,219,219,219,219,219,32,32,32,219,32,32,32,219,32,32,32,219,32,32,32,219,32,32,32,219,219,219,219,219,219,219,219,219,219,219,219,219,32,32,32,219,219,219
219,219,32,32,32,32,32,32,32,32,32,32,32,32,32,32,32,32,32,32,32,32,32,32,32,32,32,32,219,186,186,186,186,186,186,186,219,32,32,32,32,32,32,32,32,32,32,32,32,32,32,32,32,32,32,32,32,32,45,45,45,45,45,45,45,45,45,32,32,32,32,32,219,219,219
219,219,32,32,32,219,219,32,32,32,219,219,219,32,32,32,219,219,219,32,32,32,219,219,219,32,32,32,219,219,219,219,219,219,219,219,219,32,32,32,219,219,219,219,219,32,32,32,219,219,219,219,219,32,32,32,219,219,219,219,219,219,219,219,219,219,219,219,219,32,32,32,219,219,219
219,219,32,32,32,219,219,32,32,32,219,219,219,32,32,32,219,219,219,32,32,32,219,219,219,32,32,32,32,32,32,32,32,32,32,32,32,32,32,32,219,219,219,219,219,32,32,32,219,219,219,219,219,32,32,32,219,186,186,186,186,186,186,186,186,186,186,186,219,32,32,32,219,219,219
219,219,32,32,32,219,219,32,32,32,219,219,219,32,32,32,219,219,219,32,32,32,219,219,219,32,32,32,219,219,219,219,219,219,219,219,219,32,32,32,219,219,219,219,219,32,32,32,219,219,219,219,219,32,32,32,219,186,186,186,186,186,186,186,186,186,186,186,219,32,32,32,219,219,219
219,219,32,32,32,219,219,32,32,32,219,219,219,32,32,32,219,219,219,32,32,32,219,219,219,32,32,32,219,219,219,186,186,186,219,219,219,32,32,32,219,219,219,219,219,32,32,32,219,219,219,219,219,32,32,32,219,219,219,219,219,219,219,219,219,219,219,219,219,32,32,32,219,219,219
219,219,32,32,32,32,32,32,32,32,32,32,32,32,32,32,32,32,32,32,32,32,32,32,32,32,32,32,219,186,186,186,186,186,186,186,219,32,32,32,32,32,32,32,32,32,32,32,32,32,32,32,32,32,32,32,32,32,32,32,32,32,32,32,32,32,32,32,32,32,32,32,219,219,219
219,219,32,32,32,219,219,32,32,32,219,219,219,32,32,32,219,219,219,32,32,32,219,219,219,32,32,32,219,219,219,186,186,186,219,219,219,32,32,32,219,219,219,219,219,32,32,32,219,219,219,219,219,32,32,32,219,219,219,219,219,219,219,219,219,219,219,219,219,32,32,32,219,219,219
219,219,32,32,32,219,219,32,32,32,219,219,219,32,32,32,219,219,219,32,32,32,219,219,219,32,32,32,219,219,219,219,219,219,219,219,219,32,32,32,219,219,219,219,219,32,32,32,219,219,219,219,219,32,32,32,219,186,186,186,186,186,186,186,186,186,186,186,219,32,32,32,219,219,219
219,219,32,32,32,219,219,32,32,32,219,219,219,32,32,32,219,219,219,32,32,32,219,219,219,32,32,32,32,32,32,32,32,32,32,32,32,32,32,32,219,219,219,219,219,32,32,32,219,219,219,219,219,32,32,32,219,186,186,186,186,186,186,186,186,186,186,186,219,32,32,32,219,219,219
219,219,32,32,32,219,219,32,32,32,219,219,219,32,32,32,219,219,219,32,32,32,219,219,219,32,32,32,219,219,219,219,219,219,219,219,219,32,32,32,219,219,219,219,219,32,32,32,219,219,219,219,219,32,32,32,219,219,219,219,219,219,219,219,219,219,219,219,219,32,32,32,219,219,219
219,219,32,32,32,32,32,32,32,32,32,32,32,32,32,32,32,32,32,32,32,32,32,32,32,32,32,32,219,186,186,186,186,186,186,186,219,32,32,32,32,32,32,32,32,32,32,32,32,32,32,32,32,32,32,32,32,32,45,45,45,45,45,45,45,45,45,32,32,32,32,32,219,219,219
219,219,32,32,32,219,219,32,32,32,219,219,219,32,32,32,219,219,219,32,32,32,219,219,219,32,32,32,219,219,219,219,219,219,219,219,219,32,32,32,219,32,32,32,219,32,32,32,219,32,32,32,219,32,32,32,219,219,219,219,219,219,219,219,219,219,219,219,219,32,32,32,219,219,219
219,219,32,32,32,219,219,32,32,32,219,219,219,32,32,32,219,219,219,32,32,32,219,219,219,32,32,32,32,32,32,32,32,32,32,32,32,32,32,32,219,32,32,32,219,32,32,32,219,32,32,32,219,32,32,32,32,32,32,32,32,32,32,32,32,32,32,32,32,32,32,32,32,32,32
219,219,32,32,32,219,219,32,32,32,219,219,219,32,32,32,219,219,219,32,32,32,219,219,219,219,219,219,219,219,219,32,32,32,219,219,219,219,219,219,219,32,32,32,219,32,32,32,219,32,32,32,219,32,32,32,219,219,219,219,219,219,219,219,219,219,219,219,219,32,32,32,219,219,219
219,219,32,32,32,219,219,32,32,32,219,219,219,32,32,32,219,219,219,32,32,32,32,32,32,32,32,32,32,32,32,32,32,32,32,32,32,32,32,32,32,32,32,32,219,32,32,32,219,32,32,32,219,32,32,32,32,32,32,32,32,32,32,32,32,32,32,32,32,32,32,32,219,219,219
219,219,32,32,32,219,219,32,32,32,219,219,219,32,32,32,219,219,219,219,219,219,219,219,219,219,219,219,219,219,219,32,32,32,219,219,219,219,219,219,219,219,219,219,219,32,32,32,219,32,32,32,219,32,32,32,219,219,219,219,219,32,32,32,219,219,219,219,219,32,32,32,219,219,219
219,219,32,32,32,219,219,32,32,32,219,219,219,32,32,32,32,32,32,32,32,32,32,32,32,32,32,32,32,32,32,32,32,32,32,32,32,32,32,32,32,32,32,32,32,32,32,32,219,32,32,32,219,32,32,32,219,196,196,196,219,32,32,32,219,196,196,196,219,32,32,32,219,219,219
219,219,32,32,32,219,219,32,32,32,219,219,219,219,219,219,219,219,219,219,219,219,219,219,219,219,219,219,219,219,219,32,32,32,219,219,219,219,219,219,219,219,219,219,219,219,219,219,219,32,32,32,219,32,32,32,219,196,196,196,219,32,32,32,219,196,196,196,219,32,32,32,219,219,219
219,219,32,32,32,219,219,32,32,32,32,32,32,32,32,32,32,32,32,32,32,32,32,32,32,32,32,32,32,32,32,32,32,32,32,32,32,32,32,32,32,32,32,32,32,32,32,32,32,32,32,32,219,32,32,32,219,196,196,196,219,32,32,32,219,196,196,196,219,32,32,32,219,219,219
219,219,32,32,32,219,219,219,219,219,219,219,219,219,219,219,219,219,219,219,219,219,219,219,219,219,219,219,219,219,219,32,32,32,219,219,219,219,219,219,219,219,219,219,219,219,219,219,219,219,219,219,219,32,32,32,219,219,219,219,219,32,32,32,219,219,219,219,219,32,32,32,219,219,219
219,219,32,32,32,32,32,32,32,32,32,32,32,32,32,32,32,32,32,32,32,32,32,32,32,32,32,32,32,32,32,32,32,32,32,32,32,32,32,32,32,32,32,32,32,32,32,32,32,32,32,32,32,32,32,32,32,32,32,32,32,32,32,32,32,32,32,32,32,32,32,32,219,219,219
219,219,219,219,219,219,219,219,219,32,32,32,219,219,219,219,219,219,219,219,219,219,219,219,219,32,32,32,219,219,219,32,32,32,219,219,219,32,32,32,219,219,219,219,219,219,219,219,219,219,219,219,219,32,32,32,219,219,219,219,219,32,32,32,219,219,219,219,219,219,219,219,219,219,219
219,219,219,219,219,219,219,219,219,32,32,32,219,186,186,186,186,186,186,186,186,186,186,186,219,32,32,32,219,219,219,32,32,32,219,186,219,32,32,32,219,219,219,219,219,219,219,219,219,219,219,219,219,32,32,32,219,219,219,219,219,32,32,32,219,219,219,219,219,219,219,219,219,219,219
219,219,219,219,219,219,219,219,219,32,32,32,219,219,219,219,219,219,219,219,219,219,219,219,219,32,32,32,219,219,219,32,32,32,219,186,219,32,32,32,219,219,219,219,219,219,219,219,219,219,219,219,219,32,32,32,219,219,219,219,219,32,32,32,32,32,32,32,32,32,32,32,32,32,32
219,219,219,219,219,219,219,219,219,32,32,32,32,32,32,32,32,32,32,32,32,32,32,32,32,32,32,32,219,219,219,32,32,32,219,186,219,32,32,32,32,32,32,32,32,32,32,32,32,32,32,32,32,32,32,32,219,219,219,219,219,32,32,32,219,219,219,219,219,219,219,219,219,219,219
219,219,219,219,219,219,219,219,219,32,32,32,219,219,219,219,219,219,219,219,219,219,219,219,219,32,32,32,219,219,219,32,32,32,219,186,219,32,32,32,219,219,219,219,219,219,219,219,219,219,219,219,219,32,32,32,219,219,219,219,219,32,32,32,219,219,219,219,219,219,219,219,219,219,219
219,219,32,32,32,32,32,32,32,32,32,32,32,32,32,32,32,32,32,32,32,32,32,219,219,32,32,32,219,219,219,32,32,32,219,219,219,32,32,32,219,32,32,32,32,32,32,32,32,32,32,32,32,32,32,32,219,219,219,219,219,32,32,32,32,32,32,32,32,32,32,32,32,32,32
219,219,32,32,32,219,219,219,219,32,32,32,219,219,219,219,219,219,219,219,32,32,32,219,219,32,32,32,32,32,32,32,32,32,32,32,32,32,32,32,219,32,32,32,219,219,219,219,219,219,219,219,219,32,32,32,219,219,219,219,219,32,32,32,219,219,219,219,219,219,219,219,219,219,219
219,219,32,32,32,219,196,196,219,32,32,32,219,219,219,219,219,219,219,219,32,32,32,219,219,219,219,219,219,219,219,219,219,219,219,219,219,219,219,219,219,32,32,32,219,219,219,219,219,219,219,219,219,32,32,32,219,219,219,219,219,32,32,32,219,219,219,219,219,219,219,219,219,219,219
219,219,32,32,32,219,196,196,219,32,32,32,32,32,32,32,32,32,32,32,32,32,32,32,43,43,43,43,43,43,43,43,43,43,43,43,43,43,43,43,32,32,32,32,32,32,32,32,32,32,32,32,32,32,32,32,32,32,32,32,32,32,32,32,219,219,219,219,219,219,219,219,219,219,219
219,219,32,32,32,219,196,196,219,219,219,219,219,219,219,219,219,219,219,219,219,219,219,219,219,219,219,219,219,219,219,219,219,219,219,219,219,219,219,219,219,219,219,219,219,219,219,219,219,219,219,219,219,219,219,219,219,219,219,219,219,32,32,32,219,219,219,219,219,219,219,219,219,219,219
219,219,32,32,32,219,196,196,219,219,219,219,219,219,219,219,219,219,219,219,219,219,219,219,219,219,219,219,219,219,219,219,219,219,219,219,219,219,219,219,219,219,219,219,219,219,219,219,219,219,219,219,219,219,219,219,219,219,219,219,219,32,32,32,32,32,32,32,32,32,32,32,32,32,32
219,219,32,32,32,219,196,196,219,32,32,32,32,32,32,32,32,32,32,32,32,32,32,32,32,32,32,32,32,32,32,32,32,32,32,32,32,32,32,32,32,32,32,32,32,32,32,32,32,32,32,32,32,32,32,32,219,219,219,219,219,32,32,32,219,219,219,219,219,219,219,219,219,219,219
219,219,32,32,32,219,196,196,219,32,32,32,219,219,219,219,219,219,32,32,32,219,219,219,32,32,32,219,219,219,219,32,32,32,219,219,219,219,32,32,32,219,219,219,32,32,32,219,219,219,219,219,219,32,32,32,219,219,219,219,219,32,32,32,219,219,219,219,219,219,219,219,219,219,219
219,219,32,32,32,219,219,219,219,32,32,32,219,205,205,205,205,219,32,43,32,219,219,219,32,43,32,219,219,219,219,32,43,32,219,219,219,219,32,43,32,219,219,219,32,43,32,219,205,205,205,205,219,32,32,32,32,32,32,32,32,32,32,32,32,32,32,32,32,32,32,32,32,32,32
219,219,32,32,32,32,32,32,32,32,32,32,219,205,219,219,205,219,32,43,32,219,219,219,32,43,32,219,219,219,219,32,43,32,219,219,219,219,32,43,32,219,219,219,32,43,32,219,205,219,219,205,219,32,32,32,219,219,219,219,219,219,219,219,219,219,219,219,219,219,219,219,219,219,219
219,219,32,32,32,219,219,219,219,32,32,32,219,205,219,219,205,219,32,43,32,219,219,219,32,43,32,219,219,219,219,32,43,32,219,219,219,219,32,43,32,219,219,219,32,43,32,219,205,219,219,205,219,32,32,32,219,219,219,219,219,219,219,219,219,219,219,219,219,219,219,219,219,219,219
219,219,32,32,32,219,219,219,219,32,32,32,219,205,205,205,205,219,32,43,32,219,219,219,32,43,32,219,219,219,219,32,43,32,219,219,219,219,32,43,32,219,219,219,32,43,32,219,205,205,205,205,219,32,32,32,219,219,219,219,219,219,219,219,219,219,219,219,219,219,219,219,219,219,219
